-0.19643690313527085, 0.00376441332434152, 0
-1.410734530970504, -0.11753114041838497, 9985
-0.4269444473302759, -0.4588845516394271, 0
-1.5298911566065334, 0.3358464081462744, 9994
0.46513495362034263, -0.32320566942491047, 9990
-1.4972034582566986, 0.03771937883602883, 9989
-1.4509266980294158, -0.01146799981460056, 9981
-0.6034693192483414, -0.4391359872705205, 9926
-1.6699172895993994, 0.04561643783392677, 9991
-0.6763537873517351, -0.290562128360232, 0
-1.723922230971782, 0.317169970713546, 9993
0.10663589507875315, -0.3008884567122708, 0
-0.1942333097785518, -0.3551023520258684, 0
-0.28233593545236335, 0.45440411018482896, 0
-1.9818950625424985, 0.06669844539110448, 9994
0.3446292173530292, -0.19388535553954445, 0
-1.437725846301689, 0.3504005571795582, 9990
-1.9183248415570915, -0.07477236127294729, 9992
-1.8880436711239716, -0.3833424815264058, 9995
-0.2570097039864443, -0.0055579985965522605, 0
-0.48593517559313804, 0.1910712308846496, 0
-1.1709733459522012, -0.3751398267890692, 9992
-0.03277642319956997, 0.03038743399651156, 0
-0.3344022091723893, -0.05335643594087136, 0
-0.6191230030737871, -0.08569954514778111, 0
-1.1288880645134096, -0.01209131894257165, 0
0.030732282448929116, -0.14439755894944994, 0
-0.9277068417924057, 0.037864194524971584, 0
0.07817196811449101, -0.060069464236033876, 0
-0.010412672943527657, 0.3523597765069041, 0
-0.6635230793150315, 0.09477358892757548, 0
-1.062414745102407, 0.4325002636255608, 9994
-1.8161888897093108, -0.08741407841184612, 9995
0.41928502724174876, 0.19565511422093174, 9949
-1.3255183947563567, -0.16336027983844248, 9990
-0.35613145523734646, 0.16179802957886025, 0
0.04626010835912986, -0.3604374094497146, 0
-0.9674469250593076, -0.4365856331466895, 9989
-0.9285737335592432, -0.05622086551716032, 0
-0.3412259316074895, -0.03049440080900856, 0
-1.8243398023717843, -0.4202801920284728, 9993
-0.7201870268948594, -0.48160621883581767, 9992
-0.1490061927402424, 0.31192035891057424, 0
0.41830950847761583, -0.029456817438942684, 9994
-1.9534316218980603, -0.0085841988943407, 9991
-0.2877917988380887, 0.18735700026806235, 0
-1.5716472607766787, 0.20303697189176428, 9992
-1.47949593453651, 0.2837856504817886, 9994
-0.5232390022750062, 0.10899532262084433, 0
0.05608242864961621, -0.10680830414156506, 0
-0.6146853284650899, -0.26282633905408637, 0
-1.6518271424136315, 0.31424664323431406, 9994
-1.3860810410843778, 0.2620698159403281, 9992
-0.07485923112855097, 0.28892901665039605, 0
0.4064235040874635, -0.43535922579426145, 9990
0.4929175624631168, -0.08358191908040624, 9992
0.4524577610824969, 0.4775307262507339, 9994
0.3671693379786105, 0.1487540187838482, 0
-1.914905709300439, 0.1816084253872965, 9995
-0.46500127074971354, -0.4320641271476824, 0
-1.8592552442539767, -0.4556877501368555, 9993
-0.10214978678005426, -0.21291933082196612, 0
-1.0592869132559553, -0.4509867968588368, 9994
-1.0904737552160468, 0.190364772529503, 0
0.3308216499023757, 0.11430685192499723, 0
-1.4995983270356072, 0.4822295981186061, 9996
-1.0366271299451986, 0.36658624617371893, 9985
0.35855844952216165, -0.4406346899249858, 9955
-1.5881053610353897, 0.023814549285559483, 9985
-0.26392604715708856, 0.2488377278803534, 0
-1.0695975739389216, 0.2475541438814678, 9964
-0.8514413933292531, 0.4302171463543084, 9985
-0.33267603501414134, -0.3944943416564357, 0
-0.28157111143000124, 0.2915895904113338, 0
-1.1138577259311249, -0.13583685024325964, 0
0.22810394696808078, -0.142871782313585, 0
0.40160233324970696, -0.01900013183854765, 9993
-0.08292223998126858, -0.3126216498392965, 0
-0.13653556087106233, 0.46859988773954375, 0
-0.3070832894996405, -0.11795292509109301, 0
-1.8192398922847566, -0.3254580368787162, 9995
0.4360628397258388, 0.062230109319533766, 9989
0.32763979211986616, 0.017669316078618436, 9986
0.2665050505645592, -0.06451796954729216, 0
-1.40250403220652, 0.11573824914758812, 9981
0.07383178052246286, -0.16563239880950187, 0
-0.24113151626452733, -0.29727544810579676, 0
-0.5259965306583829, 0.3444617016902969, 0
-0.3419313931304715, 0.48413991908375587, 0
-0.9866323932971155, 0.08901698166894711, 0
-0.6400664653697445, 0.46608680570989813, 9979
-1.753973134562631, -0.06965037185166567, 9991
-1.7950001956917796, -0.31874637987780063, 9995
-1.152741688573267, -0.0960053671096851, 0
-1.3973567133134417, 0.45018798090320955, 9996
-0.8158867284152369, -0.019998543606797203, 0
-1.9214240976758405, 0.4427204188517323, 9995
-0.46740201241075185, -0.21213933290656406, 0
-0.07777923504369877, 0.24917372952767647, 0
0.22512190859991144, 0.4345416992475033, 0
-1.8290162144879893, -0.07293878914730156, 9992
-1.0135399034433952, -0.48328827095849336, 9994
0.021120987503613353, -0.03582901765369073, 0
-0.15921054245774524, -0.37954552630363925, 0
-0.9806882103238164, -0.08012990089497052, 0
-0.5481930679511722, 0.09017835923399675, 0
-1.3030244373619744, 0.16033046586342137, 9986
-1.3857381731252085, 0.08077785659306902, 9981
0.1548339519355144, 0.2061339662731192, 0
-0.8789784239030682, 0.3449508055331775, 9987
0.13239100575938823, -0.41223505854142395, 0
-1.9903474291171057, -0.21215951615851003, 9993
-1.0566438176107558, 0.44989624993538424, 9994
-1.893873673204019, -0.34752204186904256, 9995
0.014143870865904518, -0.43118968450326034, 0
0.35891759412302937, 0.48658220764953986, 9987
-0.52165888236989, -0.20547210563108698, 0
0.016970518852824412, -0.015993371689217994, 0
0.25665056791286567, 0.21743214653438414, 0
0.43375507556210113, 0.4273107640277026, 9993
-1.4865586230561003, -0.3134731629703116, 9994
-1.8598425005780277, -0.38485661338730426, 9995
-1.2703156885173077, 0.41411765870270256, 9984
-1.3853928367555948, 0.02662057359997716, 9959
-0.857538797445927, -0.16318588393594746, 0
-0.48298823002569247, 0.30104396803626354, 0
-0.1929433065414934, 0.00399788121213307, 0
-0.010654915802780662, -0.3175879006348272, 0
0.17846234568546349, 0.1275314106666955, 0
-0.718242004976746, -0.19068287576109078, 0
0.30308525176495626, 0.4941869260667374, 0
-0.9849858087855383, -0.34257029552208884, 9990
-0.9966294680579275, -0.410424625014866, 9991
-0.6578022727480444, -0.04378051266096239, 0
-0.6814595391040701, -0.1677578754482475, 0
0.4210291703391844, 0.4153246457723395, 9989
-1.4957388064144543, 0.24422305102496833, 9994
0.2498795773691107, -0.05261654545137351, 0
0.2617163953565904, -0.13361970970429338, 0
-0.12947535857255454, -0.3946195286977231, 0
-0.771888219253926, -0.18665102239685616, 9980
0.0028606593647531042, -0.18426871801165623, 0
0.04702375916215562, -0.4760559101836196, 0
0.05831782950174169, 0.10183870755205093, 0
0.04461702609672047, -0.18229539761998093, 0
0.1714512740261478, 0.373637301799266, 0
-1.0887938531943622, -0.1521291292025423, 0
-1.0962034761943031, -0.11938466214661192, 0
-0.9870626999838612, -0.0060446236904739825, 0
-1.6176198283772645, 0.15578998862498783, 9993
-0.024987256060414964, -0.4551925362743543, 0
-0.04123272821743518, -0.07457769755110255, 0
-0.6079390625413654, -0.4402713128681217, 8824
-1.2386288043758793, 0.16443915627972683, 9972
0.16524766119522294, 0.23950145775091225, 0
0.2001634314427072, 0.018048323749422113, 0
0.3604243801632392, -0.010486416617447092, 9992
0.047455100203203315, -0.003957838737094432, 0
-1.1499227343451794, 0.06816432585162369, 0
-0.8982344483451905, -0.041160119072227164, 0
0.11651937112340338, -0.12503474808670645, 0
-0.022006846965832105, -0.08626845601590205, 0
-0.9105202066546285, 0.32696901337714057, 9988
-1.370764078216987, -0.04116946535040189, 9969
-0.87205877540714, 0.4881479386507238, 9989
-1.9172797985058014, -0.2653439404063005, 9995
0.4737514336484496, -0.05459490461612915, 9995
-0.35695411595117155, 0.46061653361539845, 0
-1.407536530328047, -0.06791396717836296, 9986
-1.928926790284586, 0.17183854292902545, 9995
-0.8306850635110927, -0.31526206219873576, 9990
-0.1345057274644912, -0.04771576938844602, 0
-0.47380524059018203, -0.1896881448996428, 0
0.24413721851709136, 0.0980913718500358, 0
-0.9486050480960353, 0.37049089988276007, 9988
-0.5673145461675544, 0.07144377505345878, 0
-0.7284073329617204, -0.16980077117117753, 7579
-0.4551843563567659, 0.38993067482664967, 0
-0.7230134236767076, 0.4791556095527649, 9992
-0.5216602793149465, 0.1251172203854647, 0
-0.22124687308571422, 0.2885632945200962, 0
-1.9956938291738626, 0.0007714495651058861, 9989
-0.823594111969322, 0.3090458827842818, 9988
-0.6331940467479675, 0.4284320762794058, 0
-1.1082610928039056, 0.4561186055498122, 9994
-1.0951592983211407, -0.057759144441119514, 0
0.20536820137423684, 0.45540879716530214, 0
-0.6396682390322299, -0.3133478470273018, 0
-1.362405095852076, -0.02129581903416644, 0
-1.618073812524868, -0.19827085265609834, 9989
-0.792651170173805, -0.28493454743462243, 9987
-1.095334180508094, -0.41073353660135326, 9991
-0.6572170393572245, -0.035815260815053485, 0
-1.5704607944522602, 0.19794446289284118, 9992
-1.7353539469811818, -0.28991441249544636, 9993
0.39275529051558067, -0.19353878148848858, 9982
-1.830214922550564, -0.2512855490493182, 9995
-1.2041566147621967, -0.318527941507064, 9980
-0.3777415510644193, -0.3575496256879155, 0
-1.1946572250290446, -0.2913430692265039, 9979
-1.0897071991462297, -0.19626782802326392, 0
0.3557903578886745, 0.4345611142777033, 9959
0.1651579238558658, -0.12226679742513069, 0
-1.625965326866234, 0.3995298729687957, 9994
-0.6947859390308257, -0.2707063294433931, 8567
0.3415865394753994, -0.222523723260181, 0
-1.7672690508436453, 0.0270256621474273, 9987
-1.3025860032577499, 0.3045961353053883, 9991
-0.15494374653061183, 0.24962127173308002, 0
-1.275898700862804, 0.22772519748671982, 9987
-1.9154741212367026, -0.1341342909133768, 9993
-0.46423363833818887, -0.08251698376894334, 0
-0.6631657138689073, -0.20203281525996486, 0
-1.8087617305395218, -0.4125783436361786, 9993
-0.1487602760363751, -0.23904771933762436, 0
-1.9902788890810372, -0.11691857756801627, 9994
0.06562863633443605, 0.09571393640834969, 0
0.2012445270608949, 0.49761562652829194, 0
-1.4254914881891128, -0.46826784287277, 9996
0.3677776600150042, -0.25010667838063827, 0
0.2007120740580035, 0.06928712408858118, 0
-1.835344364768788, 0.10307240764611314, 9995
-1.8778254624282034, -0.2160916082655865, 9995
-0.38855849400741116, -0.1967143094892272, 0
-1.999009087073426, 0.39934827279051355, 9995
-0.30628503386732464, -0.38456773591187055, 0
-0.07566288963463474, -0.17897099258405313, 0
-0.4368149857327803, 0.19528068701669277, 0
-1.9393648910382828, 0.4312016091195908, 9995
-1.9865891223941528, -0.4318785941400973, 9995
0.38786394626187626, 0.018426251514259917, 9993
0.42399780435722567, -0.24377303130655514, 9987
0.14777018495672944, 0.17638365569614256, 0
-0.5174074246535727, -0.3199137640392645, 0
-0.5633393888788882, -0.3549711574917356, 0
-1.1951152179538587, 0.040215022054602256, 0
-1.7391894651527178, -0.20591163549839697, 9995
-1.790122853794219, -0.4507888698348925, 9992
-1.659967604751063, -0.17747165470756032, 9993
-0.10409896119583695, -0.07921192559449186, 0
-1.1404341619750515, 0.12987500644357886, 0
0.2421251033359777, -0.3212758671177486, 0
-1.3899406541112875, 0.12239618215042702, 9985
0.06716431429492653, -0.2159741009832049, 0
-1.0516816714191903, 0.07992804658331187, 0
-0.9458801007354605, 0.10007282051745914, 0
-1.4852379974945427, -0.01636884602687727, 9984
-0.9090917539169077, -0.03893921666177658, 0
-0.7459756350376598, -0.01171491179813866, 0
-0.06179170494687236, 0.04458004845850072, 0
-1.8781772795514597, 0.4361679320540506, 9995
-0.47835590433348285, -0.4814728601900198, 0
0.12108359505383559, 0.28234293464443916, 0
-0.20718007733042465, 0.22907408504800064, 0
-0.5122250171968481, 0.017160758967241008, 0
-1.8237459945708847, -0.15197092104771726, 9995
-1.9720868774799194, -0.03551591490821038, 9994
-0.3100683520267413, -0.12945762422957874, 0
-1.0285362170323098, 0.061097909345036894, 0
-0.4885914691686304, 0.1383706221747435, 0
-0.6143717019563482, -0.1037659346356482, 0
0.08999457978986669, -0.3189805108524728, 0
-0.6487741052993714, 0.0601306685897951, 0
-0.9321431003955662, 0.09147716527244276, 0
-0.7999100630373182, -0.40612440805060857, 9991
-0.5689010197007989, -0.2410883137828248, 0
-0.4149559553987432, -0.2318300844020973, 0
-1.9979788454043825, -0.16604588129131914, 9992
-0.15496517893195794, -0.40687957768250615, 0
0.20108899233198185, -0.11308132399659232, 0
-0.8974195788089181, -0.1253983081641018, 0
-1.0765582487350822, -0.3323869524241564, 9987
-1.0789591239431848, 0.08696466673671166, 0
-1.4926781495195418, -0.43225700688958535, 9993
-1.9162446632263896, 0.41101211047494735, 9995
-1.0152627629249311, 0.4370345161497985, 9994
-1.555920323697693, 0.15647537582973414, 9992
-0.760749265492189, 0.4004308024043094, 9991
-1.6787167734588082, 0.03164269841544831, 9991
-0.06427784223800392, 0.30581384072392537, 0
-0.368634429389058, -0.12557921386627657, 0
-0.3742821145227764, -0.17876570731927632, 0
0.28376518100432246, -0.1949185948435448, 0
-1.2414308214615954, -0.3666782260570004, 9987
-0.2815526992976083, 0.19006121949655064, 0
0.3995664610356098, 0.014995072087478523, 9993
0.3068594290605029, -0.34397930977592417, 0
-0.7448367184836133, -0.32235503858011794, 9987
0.0025031802007013937, 0.2789231955654242, 0
-1.7233378947909714, -0.3384690803941236, 9993
0.32867358765413135, 0.25433358490633906, 0
-0.46414323004450053, -0.3812350536215472, 0
0.15126145789370904, -0.03622811489233069, 0
-1.869028114907101, -0.20482685284331725, 9995
-1.836149095281561, -0.42254412944390896, 9993
-1.999258540395538, -0.30125160224469716, 9995
-1.2911796344718198, -0.07009816921546763, 9970
0.44002960704996186, 0.030575749078010195, 9994
-0.4350865621884812, 0.3477267957067556, 0
-0.6407127144940361, -0.1426724670249806, 0
0.4128635383853281, 0.31471265900240997, 9972
-0.24171236781317673, 0.18203717597772118, 0
-1.2178019120005468, -0.4664469149258694, 9993
-0.6821297674134965, 0.47585996259070695, 9987
-1.0509682618023901, -0.28811583833026433, 9983
-0.6730888314781347, 0.18123598907483351, 0
-0.7831042764963612, 0.12015066361183457, 0
-1.9013235087668643, -0.16079009333708072, 9995
-1.8052886952819835, -0.29288488380467803, 9995
-0.922396308622724, 0.4656167861754844, 9992
-0.6195744709881272, 0.009761599907975538, 0
-0.6668006998844382, -0.3214155031249314, 0
-0.3250752963050725, -0.1260792625382442, 0
-0.3758173026556695, -0.162311914766333, 0
0.07865457462336156, -0.28027403834029785, 0
0.06688533146904163, 0.19604671515407168, 0
-0.17888614806313097, 0.27575062405173134, 0
-0.3944258736593447, 0.040242692250097134, 0
0.19340353915581465, -0.13817643826721537, 0
-1.5912145970882658, 0.3160686711968814, 9994
-0.3905174549887718, -0.16872458690444003, 0
-1.8136766456199085, -0.43829038107958274, 9993
-0.36838947092574825, -0.19233423797168003, 0
-1.0157234614769437, 0.3159636455876035, 9978
-1.9073075075875894, -0.09562324810503231, 9993
-1.426306086536829, -0.48800599910868936, 9996
-1.8244924226932364, -0.04772306652358371, 9992
-1.640770577036231, 0.1753433889474988, 9993
-0.5385756751839161, -0.24711083315267213, 0
0.48740332860852753, -0.14017547790877538, 9993
-0.6425426706100759, 0.343526306307971, 0
-0.11114160178213006, -0.0055407153233710815, 0
-1.9203572425246604, 0.4486162219849448, 9995
-1.4884346449906345, 0.42101137281441603, 9993
-1.7467178714134086, -0.4531989870989599, 9994
-0.6801651157570678, -0.4150911178171429, 9983
-1.5342975904812366, 0.3287516577351991, 9994
-0.16555421689557903, -0.09124432262746174, 0
-0.4946227963076606, 0.408661053601565, 0
-1.575083665246789, -0.2317889676691689, 9994
-0.7014656025133144, -0.18620389001998816, 0
-1.876199429504985, 0.10957748520895438, 9993
-0.03658515481529112, 0.11465268778870352, 0
-0.49017804610700466, -0.2021814075338093, 0
-1.9301929589235562, -0.4898332792345772, 9995
-1.3528551019563957, -0.298429375661558, 9987
0.02692650265066554, -0.13342405853866646, 0
-1.9708718935842438, -0.015105468585120407, 9992
-0.2788950275494324, -0.31578485770658915, 0
0.019317088877811806, 0.08050132309640246, 0
-0.9251386177484888, -0.19438989545362095, 0
-0.972101683807612, 0.20594355132323328, 0
-1.1171707348986264, 0.3169528345292636, 9986
-0.8744151176025874, 0.42722366872057904, 9992
-1.0065914579158466, 0.10683169437768236, 0
0.49379214743515876, -0.3369684709701175, 9992
-0.6843184457674141, -0.03324697777301089, 0
0.21036616214676718, -0.29140333235706284, 0
-1.7436884898965535, 0.15937877552086677, 9995
-1.8333859731370246, 0.1326225897199117, 9995
0.3087287602790978, -0.2105730086937866, 0
-1.511947213891689, -0.48773484565321334, 9996
-0.6245386928459953, 0.2856055359842883, 0
-0.2610485082006291, -0.43214947393820924, 0
-0.9355077242743028, 0.04149906936376058, 0
-1.068348886365936, -0.2877358026221113, 9985
0.16094684173824847, -0.2938756591306311, 0
0.245440271826328, 0.30578366190226536, 0
-0.33728169560126275, -0.4219692460424882, 0
-0.1194446635028843, -0.40573464907919454, 0
0.15144681694834405, 0.10564098157275836, 0
-1.0536567638944438, 0.3909995721631083, 9988
-0.8599981726027957, -0.3501073124677788, 9990
-1.4315280617905184, 0.03461721126217554, 9984
-0.25502436881293944, -0.3326195227045724, 0
-1.559261115757756, 0.16280039797325008, 9992
-1.7224292826238132, 0.42795911076233295, 9994
-0.6473036801223355, -0.35983281155778435, 9941
-0.7212000939109355, -0.26024242062617364, 9945
-1.9669652054058737, -0.3309144730868968, 9995
-1.766570275393275, 0.35530254576943776, 9993
-0.7587488650081253, -0.03109763083790984, 0
-0.01791464870246351, -0.08430969011278866, 0
-1.2808376269128674, 0.30137232892204535, 9991
0.19086943832774805, 0.1586035420417261, 0
-0.9716897488582883, -0.028843115788846574, 0
-1.4313027229010205, 0.48136329501770636, 9996
0.25926555405408935, 0.3265314892748239, 0
0.4367587728343332, 0.46974902245458217, 9994
-0.3120928830247778, 0.03918610236108033, 0
0.0866982884397638, -0.4724879041089436, 0
-1.5638682648228568, -0.49740887245384025, 9996
0.008249957831428123, 0.33220945293781323, 0
-1.1615597944383929, -0.4840565958655568, 9992
-0.0299344162890407, -0.14962230090289785, 0
-0.914927200290381, -0.10806640295337844, 0
-1.5756034676445436, -0.4481327491610303, 9994
-0.3910617980784563, -0.03763135351458091, 0
-0.4256281189419857, -0.3358454689196133, 0
0.49025723684516187, 0.0008504301391841773, 9995
-0.3639272545742449, -0.12984036187020953, 0
-1.868265708164719, -0.16752401072593148, 9995
-1.0357892519015781, -0.23960733291341496, 0
0.42457058927602187, 0.43541668645370857, 9993
-0.798871581319524, 0.4685377894895708, 9993
-1.7490789702664593, 0.45070460594554973, 9994
-1.3552413056209716, 0.16047429727136897, 9990
-0.8083764798968558, 0.007046107100862398, 0
-0.7372005771333234, 0.36821457282604786, 9990
-0.4509912594537524, 0.4075322520036564, 0
-1.4300859862818558, -0.30083695470481553, 9992
-1.3766242404802322, 0.36425919426541, 9993
-1.507786243662982, -0.3515877416184302, 9994
-1.6234761370541793, -0.32464663927919046, 9994
-0.313409181216991, -0.17782179680287902, 0
-0.15448995065331017, -0.4374517931085682, 0
0.3594063100316722, -0.04835757130237073, 9990
0.3250525294220532, -0.32921349395375954, 0
0.3929942546111693, -0.17501120272447823, 9983
-0.059211101370815866, -0.38392999322491583, 0
-0.39209813997225584, 0.035208573836312373, 0
-0.3596934103777505, 0.36879490843945906, 0
-1.9277589895212313, 0.3557831910312754, 9995
-0.9918234792909215, -0.3207737526370471, 9961
0.19736048427318797, 0.3532313687870853, 0
-0.2703598078400684, 0.35159404599236466, 0
-1.0809557385861903, -0.3780534227623632, 9991
-1.1437388993483366, -0.22818091343904512, 0
0.3941276956971773, -0.4701430278035452, 9991
-0.918940147087925, -0.06570951888194199, 0
-0.9441369311869479, 0.2518103341471456, 9742
-1.4311946663360458, -0.4678757033951244, 9996
-0.19113727644279566, 0.20134210706190647, 0
0.14919003807934184, -0.38052802057297674, 0
-1.7077366444971966, 0.2667975239689686, 9993
-1.5543446250739648, -0.21053346300928943, 9994
0.3377149252540401, -0.45171302831613613, 9986
-1.2852112669596274, 0.4253081905897399, 9984
-1.9110741291432634, 0.3537708395890026, 9995
-1.030230919900114, -0.17639741350672, 0
-0.4958790140418259, 0.04130817914790519, 0
-1.6560214586653534, -0.2771030114737325, 9990
-1.4252478381851512, 0.2495685115931462, 9994
-0.06935994669901824, -0.43292627923545013, 0
-0.6854992391920414, 0.15490652785926884, 0
-1.7839523260398862, 0.18415179009287042, 9995
-0.11531415229051123, -0.3525791734719962, 0
-0.6282810022855896, 0.12242062815015642, 0
-0.701245821978894, -0.06334984515554343, 0
0.09727316600752456, -0.3197572324391379, 0
-0.4790991396108495, -0.3254399287653873, 0
-0.29545517596982274, -0.25745179491820547, 0
0.18921209928257676, -0.49921290152053643, 0
-1.9400985383104132, 0.10421755251752718, 9992
-1.3531062792459438, 0.1759353055335099, 9990
-0.2520167204382586, -0.2495442033166856, 0
-0.013976199056818128, -0.16356824427407113, 0
-1.6722804762924977, -0.16786108237429787, 9993
-1.7126737404145205, 0.32393525037063664, 9993
-0.7806153691996149, -0.26146771442128103, 9987
-1.67192543601297, 0.1077805287103819, 9993
-0.692385088952064, -0.15219117770094703, 0
0.48075352347693334, -0.1603980731238639, 9993
-1.3200295137831313, -0.07086073513755342, 9965
-1.4635524778191484, -0.2369304925427843, 9994
0.2863134422052682, -0.04612029932348882, 0
-0.9532730889453878, -0.2272532594400829, 0
-0.9294891215482088, -0.0870840241134967, 0
-0.7506952096003368, 0.03033039060854037, 9896
-0.7938372349799312, 0.4646840082613848, 9993
-1.0637022521371038, -0.043364425692977715, 0
-1.3667649913184703, -0.18391342601801497, 9990
-1.707924988295494, -0.021510877505670045, 9990
0.4171288293116415, -0.46843246180423737, 9991
-0.7262583008566064, 0.37726891746966407, 9986
-0.7224819919605174, 0.4047125165895997, 9989
-0.5196426321038681, 0.4023146723318306, 0
0.26475905844989933, -0.46834574508650173, 0
-1.5345008412892867, 0.17271093307792096, 9992
-0.40760286896820475, -0.3867288231776316, 0
-0.978069067451582, -0.2967876007871736, 9979
-0.14710970961017455, 0.45564673207350415, 0
-1.7107339287206471, -0.027950390403886805, 9990
-1.0143969120517449, -0.39351208135283, 9984
0.19845336471155228, 0.3624744361558553, 0
-0.5488805337371288, 0.11701497139760986, 0
-1.4899325506060301, 0.10886329442842246, 9992
-1.5728465789044552, -0.25545114106346933, 9994
-1.248290833541426, 0.1898270001542932, 9986
-0.5713556960619375, -0.19088268245152307, 0
0.04766568154694095, 0.28136035527156955, 0
-1.8778338536018708, -0.2744456957532915, 9995
0.2579379244328721, 0.024523416558143607, 0
-1.8923481159845152, 0.04755400893077821, 9991
-0.07364751482374476, -0.4158549796176191, 0
-1.7171289605787052, -0.03738601552989573, 9992
-0.1707476419198879, -0.24279652275571784, 0
0.12637059146843388, 0.2115216513234991, 0
-1.6826760840570336, -0.41219634266997396, 9994
-1.7155128780696496, 0.0560830011294815, 9992
0.283984724984101, 0.19256178025706105, 0
-0.15139314752756827, -0.09957962484853, 0
-1.37526134949749, 0.34790255805459747, 9993
-0.3892247023379942, 0.2705844020353346, 0
-0.8665305427058354, 0.15549270095259027, 0
-1.111241870325626, 0.4675470280344516, 9994
-0.3816440070490277, 0.2667035005361428, 0
-1.0444818136701617, 0.31051203652508774, 9984
0.3270804158867704, -0.4066278684443154, 0
-0.27117787724207076, -0.17204731256181915, 0
-0.06376628487563751, 0.02017971656555617, 0
-1.4661342452813138, -0.03829364434440086, 9985
0.34833262739211124, 0.1205206656191995, 0
-1.4445895749417015, 0.26631021068691196, 9994
-0.9308348181136079, 0.06523077436557745, 0
-1.7047112988690292, 0.33828470212253836, 9988
0.09471730602935136, -0.28759215790904613, 0
0.1251145509100633, -0.022652457991889197, 0
-1.6537636010765613, -0.11124220474529056, 9993
0.1965940094598584, -0.42208873892195053, 0
-1.3604988072254378, -0.0760109789779031, 9976
-0.4581645422851228, 0.22832833828943166, 0
-1.4948296848209155, 0.25976994948181964, 9994
-0.8992227839409441, -0.3144928405629541, 9989
-0.3263081797360614, -0.25097781960952215, 0
-0.2080907630804294, -0.317850974024236, 0
-1.3408250334325225, 0.3611533554223937, 9993
-0.2465967611446933, 0.04097673396987289, 0
0.4527021552983106, 0.059661303018916145, 9994
0.1536036325034429, 0.2583113961935182, 0
0.2816508133301596, -0.4682028729397587, 9139
-1.6669323451822196, -0.32990610522104746, 9994
-0.49462846818222506, 0.0779806085389626, 0
-0.3388326923498981, -0.3854601537929969, 0
-0.611625928244466, 0.2387391693024551, 0
-1.2117544816214547, -0.4611245449234137, 9993
-0.24764526541531895, 0.30251994210883015, 0
-1.6473615729519988, 0.3607055891844373, 9994
-1.6717704079458122, 0.10389734841373954, 9993
-1.9678133454770943, -0.12183348168176755, 9994
-1.1403702682588532, -0.49500788079501024, 9992
-0.3453999406589192, -0.17060642297119843, 0
0.4875431981165712, -0.14385620870767968, 9993
-0.09349659893484508, -0.2255406693087596, 0
-0.21273981314547008, 0.40004363926547204, 0
-0.8080661167251559, 0.19731933633479404, 9980
-0.08148296050850812, -0.11130548221482539, 0
0.0535521232766234, -0.21565703561313876, 0
-1.461519006623027, 0.4806681954843567, 9996
0.3783998570659639, 0.037860832311268466, 9990
-0.39464196089855674, 0.2317484653407288, 0
-1.395961824941691, 0.40665537908509675, 9993
-1.983100667594722, -0.2700102957689169, 9995
-1.4867072188314436, 0.4334779016959488, 9996
0.08395727813822162, -0.13407276764451415, 0
0.38590480641272373, -0.49189121853479734, 9985
0.4981494634199879, 0.1412969453143379, 9993
-0.5963888821584011, -0.3641667481047137, 0
-0.003550284965530892, -0.2391091019437953, 0
-0.23465309706144422, -0.4912741983121236, 0
-1.2253468482172185, 0.15404797836832995, 9958
-0.36976611661862013, -0.03234439145827073, 0
-0.23952660363027944, -0.38235684849078644, 0
-0.5515684821212923, -0.3171256883430442, 0
-0.15916346319516306, 0.3336128965338465, 0
-0.30872767745031915, -0.27107215261719075, 0
-0.5453292347574354, -0.13285259667026017, 0
0.1439284500671283, 0.2761905622201908, 0
-1.2846967721641405, 0.4619161255365771, 9992
-1.1724797333811636, 0.3561200224044624, 9987
-0.013158768047111469, 0.43765834422055727, 0
-1.1124818142244308, -0.05427381432646361, 0
-1.5443548576829045, -0.2303532614347653, 9994
-0.33732444394937544, 0.25225925660339554, 0
-0.25907803499919635, -0.10498824513887406, 0
-1.5982570741579731, 0.4300509003534403, 9994
-1.7372545262924728, 0.0782658802576428, 9992
-0.2539109651432321, -0.4693486539658025, 0
-1.5203791077524649, -0.12844026612875514, 9992
-1.6709668111510425, -0.11421087539790908, 9993
-1.034527842589464, -0.48893345738720695, 9994
-1.0345749980891368, 0.491675117343234, 9994
-1.5850035775266031, 0.21170673234559867, 9992
-1.7646303797629863, -0.4693292960272044, 9994
-0.25902179589048635, -0.16488837333630957, 0
0.15898977258598768, -0.1888434699310655, 0
-0.5364441525313974, 0.09396001308411661, 0
0.056816137715438586, 0.031930684316765934, 0
-0.3276522083440949, 0.4148751360282995, 0
-1.6149944792724353, -0.21746042651315678, 9992
-0.5242127000868295, -0.4955205888207489, 0
-1.7689782739806728, -0.18112481569398453, 9995
-0.18898980268540955, -0.2243487180614182, 0
-1.5608221080379203, 0.06414973153256542, 9989
-1.7319486949410718, 0.46208938012389933, 9994
-0.8529726586824875, 0.01501951547940017, 0
0.02157876073780063, 0.3643130958890941, 0
-1.9475798549213188, -0.4946029155167677, 9995
-0.9529669755485326, 0.3827038928504273, 9990
-1.1741345934496386, -0.0971713308476313, 0
-1.124044486173456, -0.23288365727443672, 0
0.3023952180430034, 0.09354056456154214, 0
0.27344860752174593, -0.22243110367151198, 0
-1.4682938646923516, 0.45478843585780604, 9996
-1.734301525649406, 0.25907879241691434, 9995
-0.029000643066088516, 0.08684465817288689, 0
0.3126590922463155, -0.2070069174569673, 0
-0.18994040769039655, 0.09006093497788481, 0
-1.266145322878288, -0.43676152901196597, 9987
-0.15846259930635975, -0.08283417806315274, 0
-1.9487316103958467, 0.08742450893268683, 9994
0.11625909501274423, 0.34946013383966257, 0
-0.2742438091775894, 0.4246956131090496, 0
-1.9008567944295114, 0.40416306263680546, 9995
-1.416706597666036, 0.06015466584037377, 9987
-0.4073098822092498, 0.4688689997942912, 0
-1.8445960510842945, 0.27090838338152123, 9995
0.033434032212807274, -0.391771056797779, 0
-1.6494416489562027, 0.31056266154325285, 9994
-0.09732775833269769, -0.13657720265042528, 0
-1.2829391405020916, -0.2435924411610989, 9990
-1.2501289148745616, -0.12081941014711073, 9957
-1.0713839178920355, -0.05218202262384475, 0
-1.3998790738115032, -0.4996167344205237, 9996
-0.5802763121357242, 0.0032879759296513544, 0
-0.20181954362107923, -0.4531026348830528, 0
-1.989576421487161, -0.3656679660207185, 9995
-0.7837206085654991, -0.2543441740000212, 9985
-1.4506080598797937, -0.08977739492215309, 9990
-0.9038889527053677, -0.4314410254407365, 9992
-0.39078996900741547, -0.4102138683718429, 0
-1.0861319611621547, -0.2506708550074138, 9880
-0.9639324611307747, -0.26234001116737027, 9971
-0.8811780282191164, 0.08025725513924431, 0
-0.9831037262684446, -0.34005453036457667, 9990
0.25269387648075714, 0.1541286580239556, 0
0.3233365006256106, 0.07233452013656405, 0
-0.0892727579572612, 0.07856668664639477, 0
-1.8553893685739447, -0.49706510462046116, 9991
-1.1783872809082492, -0.1647192815252807, 0
-0.4929439832480682, -0.11203561250322869, 0
-1.904036723106514, 0.3989027977128643, 9995
-0.20589310534141414, -0.1449772108794527, 0
-1.027443402191123, 0.4162017415623481, 9994
-1.3517531447131557, 0.48373215173586304, 9996
-1.774959923152831, 0.038759117190570125, 9990
-1.2078307879956747, 0.24309527189228697, 9980
-0.37010720982876877, 0.34231466750881445, 0
-0.07362343837550678, 0.42946223486741364, 0
-1.336471929516368, -0.11639420761063335, 9987
-1.454942984972747, 0.163436449317111, 9994
0.41387247430477814, -0.3860961506687727, 9989
-0.7907298011543065, 0.3868670820653366, 9991
-1.13123048651693, -0.09913252477938184, 0
-0.7612887349814983, -0.4220128366730719, 9989
0.006079838162095896, 0.40496550593900915, 0
-1.5810930394412246, 0.1267378991872079, 9989
-1.8126161425788958, 0.478303237362089, 9992
-1.7774178538934637, 0.2984674277207324, 9995
0.114400962354122, 0.22350938448929947, 0
-0.9120632780184059, -0.36273451047134075, 9992
-0.44572516475280666, -0.06342600964106315, 0
-1.957295624158019, 0.38568740572178617, 9995
-1.1341066024129054, 0.19483735473757957, 0
-0.7577214007561532, -0.2039936505526223, 9982
0.17049210069358445, -0.3278747205658613, 0
0.19104367325589822, 0.10804415139773593, 0
-0.15895436200188562, 0.4944815998985469, 0
-0.21760096582064392, -0.3090381409669224, 0
-1.463573139604577, -0.36643105174239976, 9992
-0.6619752294804742, -0.1548307355166707, 0
0.21424981060870874, 0.10936910509255016, 0
0.1307464470096784, 0.190282127553407, 0
-1.2340953194417619, 0.11803896143022508, 9941
-1.5448362355636005, -0.0715786942409401, 9990
-0.10967030308037407, 0.07801954036685865, 0
-0.4768955291724104, 0.16504626376786213, 0
-0.7640481375519736, 0.06438634478990546, 0
-0.03338916788023183, 0.016330945988696333, 0
-0.4201101515644161, 0.3616988774512918, 0
-0.8804480134443531, -0.15414696490759183, 0
-0.2904121881594741, 0.23956638770515137, 0
-0.753831780124991, 0.34704803246987237, 9988
-1.7339540256090384, 0.3840487588489129, 9990
-1.1823820224345551, 0.4508612104338512, 9991
-0.8070109553624241, -0.058926011832173275, 0
0.16122277720995948, 0.21490420182628078, 0
-0.6430701112028943, 0.07927546648465766, 0
-0.9174988544937597, 0.015072770584174666, 0
-1.4546698621514804, 0.17991593290413155, 9994
-0.6993276519209672, -0.06461863136258394, 0
-1.6035534381171652, 0.31324859014343653, 9994
-1.750123235377133, -0.35284779124157506, 9993
0.06884505637107186, 0.25779710689832736, 0
-0.5591077889542155, -0.4627672300905358, 0
-0.5051775082856804, 0.39304027799132113, 0
-0.9786589935749985, 0.06429293061035446, 0
-0.34254152734986243, -0.3745954488472055, 0
-0.21301818292512786, 0.45295450574801077, 0
-1.4299197370456755, -0.4541164631498906, 9996
-1.0379064305366885, 0.1447595943335982, 0
-0.7004850646148999, 0.37252720737707057, 9941
-0.6609232523192825, -0.06339897864734456, 0
-1.1999545723098932, 0.42005729677658765, 9991
-0.9699947968919735, -0.3724591167508038, 9990
-0.611114612795906, 0.3849832425333405, 0
-0.1451918681816602, 0.38562114167365913, 0
-1.2757845305343303, -0.49378880515482326, 9996
-0.3459518449006145, 0.124317778357669, 0
-1.8503277839083414, 0.07585129770641597, 9991
-0.07322318685392837, 0.009368494035570607, 0
-1.490517093474469, -0.2690295941747106, 9994
-0.6891532078010247, 0.31328436496591194, 9906
-1.2021457583250257, -0.4062630169230671, 9991
0.41460276858274936, -0.45963312615120955, 9991
-0.5024165016808375, 0.07005660045552642, 0
-1.9856243516999976, -0.4980899945220406, 9995
0.4843255833065503, -0.2845872607412101, 9994
0.12859422134976484, -0.20942920218309846, 0
-0.442313284615133, -0.24408383341931195, 0
-1.1405543341891737, -0.037917875172878035, 0
-0.6422180425261674, 0.03513423946413774, 0
-0.13869439076624435, 0.3008313775524183, 0
0.33682110969017875, 0.3952158692092572, 9957
-0.05833860396967139, -0.4322580345392746, 0
-1.7373786118795653, -0.25797817301229853, 9995
-1.2605594564277662, -0.24537589575367136, 9990
-1.8484881086194345, 0.2160810043911493, 9995
-0.9092712354837205, 0.403436283763172, 9992
-1.724345740907708, -0.23027976891665047, 9995
-0.5511394745090961, 0.36541347916668987, 0
-1.2459561781821251, -0.469934010123255, 9993
-1.491437845005445, 0.19679793428106052, 9994
0.11304350082504211, 0.3890817902492165, 0
-1.6153516046607663, 0.14454207000187091, 9993
-1.759988484045633, -0.33475760907493435, 9993
-0.03595481507851894, -0.10706925720060245, 0
-0.28053602484748863, -0.24991122155824697, 0
-0.9403826268736328, -0.4456172430381602, 9992
-1.254080204512419, -0.18492872717791842, 9984
-0.0458431148427525, -0.2953823490241645, 0
-0.4624932010646443, 0.16982085188013663, 0
0.42807723673580345, 0.015288158847796107, 9994
-0.274987144576452, -0.21274785178250377, 0
0.47779217865636836, 0.17664749041900452, 9993
-0.3487190285231738, -0.0791688099221396, 0
-1.0364680652979854, 0.12443109511402983, 0
-0.7335310940447464, 0.36499873611930156, 9987
-1.1937915021581087, -0.2293001372766389, 9982
-1.8902636105985196, 0.3458634318696353, 9995
-1.462669601035056, 0.06831675469096654, 9988
0.14902275543308408, 0.3683033120460326, 0
-1.7513089693740906, -0.3746593011799154, 9993
-1.6173914377355652, -0.16137199360200538, 9993
-0.26523050397081693, 0.43771918755963446, 0
-0.8396292622147392, 0.38467844140498986, 9990
-1.5850958670210427, 0.1129055464205806, 9991
-0.8435772774526882, 0.44107417023621076, 9991
-1.0154200001917273, 0.3970773104893862, 9990
-0.47112786633620307, 0.4722448122651065, 0
-0.1020021347042992, -0.13001342858313314, 0
-1.3980865600943184, -0.003568881446334604, 9911
-0.8770201218123703, 0.09518278551425885, 0
-1.0209673592539268, -0.1489720463534292, 0
0.2972616093001963, -0.21747939476594846, 0
-1.125785586837104, 0.0826501179451482, 0
0.33162815341510354, -0.16125719089060653, 0
-0.2145294444768291, 0.18152862475079645, 0
0.4417903004015833, 0.0035834492607084156, 9994
0.14961369177871475, 0.42942526306549866, 0
-0.37438586447489985, 0.4945693191240462, 0
-1.705307397170285, -0.010039762480144154, 9990
-1.7962279031148962, -0.1080068958437197, 9995
-1.6138316025867365, 0.3597777019687405, 9994
-1.6102310254392866, -0.0130414383045101, 9988
-1.324461473015899, -0.34651855151353383, 9993
-0.7137181512237925, -0.04274066440626878, 0
0.432893947285792, -0.36190224263715287, 9982
-0.34318698767861466, -0.2666863456748585, 0
-0.4579384318664461, -0.27846604443222867, 0
-1.2440299128381227, 0.13249701633750866, 9979
-0.343458907508563, 0.3598193579662924, 0
0.25791366977422703, -0.41138864841688383, 0
-0.37166947852244636, 0.1752951553040566, 0
-0.5742419315823024, -0.3349804048726811, 0
0.18711475006296174, -0.1344477392865574, 0
0.08515076507762487, 0.24128365352476244, 0
-1.9651469513653455, 0.4395760372448504, 9995
-0.5335370452089385, 0.4414835762210786, 0
-1.8703046554631841, -0.43827793238641677, 9995
-1.178336590714339, 0.3126983435403947, 9982
-0.34315228164399203, -0.27844262976516954, 0
-0.040676382449722714, -0.2843146523588932, 0
-0.19277586115766399, 0.01859973374873969, 0
-1.09342707908354, 0.16440827704261796, 0
-1.6580343534419735, -0.46770401130266115, 9994
-0.7676771514045222, 0.10691912304000872, 9930
-0.6055802241155153, 0.35727574939646267, 0
-0.20388217150968546, -0.4774849625137928, 0
0.33665371233224883, -0.1560219371100212, 0
-0.025891175547439804, -0.07043465535900606, 0
-0.6996215023447587, -0.20270001180652553, 0
-0.38190599686843685, -0.04610911590077482, 0
-1.8140924980888564, -0.43485439531677406, 9993
-1.8706659161150876, 0.11751455004005107, 9995
-1.742053614553404, 0.4018851677553148, 9992
-1.072285944717492, -0.30682104498441387, 9988
0.34554308395919753, 0.25878785629704626, 0
-0.1895567502834854, 0.14024974978067906, 0
-1.8021043707561992, 0.09593774320122217, 9995
-0.9475660330908453, 0.27904443869044615, 9982
-1.936692447211986, 0.06495584650434083, 9994
0.048594195783334015, -0.256510451002534, 0
-0.7556881321971636, -0.18896170595365558, 9983
-0.2734793407568854, 0.45092703762215114, 0
-1.328019660567457, -0.06977470219799686, 9972
-0.3316814764964928, 0.36020027734989035, 0
0.3189162449419163, 0.337285798722756, 0
-1.0243151212720174, 0.08726965453734259, 0
-1.891757738075063, 0.09186465704064284, 9993
-1.039755259253043, 0.41932137207236453, 9994
-1.403906231473285, -0.49878624798063664, 9996
-1.9595654036446533, 0.3933960832857235, 9995
-0.45185565592016363, 0.361374132510231, 0
-0.8787909233383766, -0.05523384583919133, 0
-0.8674824193817914, 0.32786922639138005, 9990
0.1780899354129355, -0.06387794103113242, 0
-1.1132921274122844, 0.22444828382886128, 9922
-1.9104890029795747, -0.33944521819888196, 9995
-1.466891435038066, 0.019671873104311066, 9986
-0.03148469653097363, -0.09142320465172382, 0
0.39431457384905944, -0.1408362595185505, 9972
0.38312967142673404, 0.11301903748600317, 9987
-1.4173313366992282, 0.28843866433548526, 9992
-0.669997530562428, -0.07139572564060714, 0
-1.769386098035981, 0.09522185170076602, 9995
-0.949123847339687, -0.17127529570832756, 0
-1.102205468907838, 0.2567331751678521, 9974
0.025494359462442162, 0.4517878494540314, 0
0.22712960012373262, 0.14632938936249007, 0
-0.6365187749690024, -0.07599607553978938, 0
-0.13540748822680948, -0.19518265400269896, 0
-1.6740425269625432, 0.31373853914073035, 9992
0.2673065147717626, 0.1842477513278461, 0
-0.09351773012239262, -0.4638030160741735, 0
-0.815816385443676, 0.40230324349560675, 9991
-1.3425014185324136, 0.3954380975812455, 9991
-1.9143589081861794, -0.23215524977379776, 9995
-0.6888084589187242, 0.34972290597969, 9901
-1.6343031585924988, -0.040540122336456985, 9992
-0.6733154961413543, 0.34354072255031587, 0
-0.4197872054803229, -0.12838585434120753, 0
-1.03971308236139, 0.22846124535992218, 0
-0.8630090950266278, 0.24721285172899088, 9950
0.4851301549618361, 0.1707900239088772, 9993
-0.22479955151721476, 0.3446566319754204, 0
0.43069558541156905, -0.12422714713716232, 9989
0.16757137165554914, -0.23279072139067525, 0
0.401755179633291, -0.02694140850318849, 9993
0.17835874669351748, -0.4436751558419668, 0
-0.34200246047541927, -0.3344249882742063, 0
-1.0944404157577234, -0.4245056728017096, 9991
-1.615860263347341, 0.09254918958397995, 9993
0.17489222850687813, 0.48679180089535756, 0
-0.9653917490864137, -0.012740347794143903, 0
-0.1629760427737681, 0.28791993962484974, 0
-1.8715086222782067, -0.14188613356113144, 9995
0.0885816744672594, 0.11827013292169164, 0
-1.6241308329695525, -0.2610693537265505, 9992
-0.5236380830281768, -0.24602422930842027, 0
-1.6461240840022504, -0.08338381965500041, 9993
-0.19708625850032213, -0.2891887788426024, 0
0.056722159482759604, 0.3718547459209528, 0
-1.947426699483798, 0.42128850340478075, 9995
-1.4291070898584703, 0.2766425505421244, 9994
-1.63381149025461, -0.166268928224523, 9993
-0.6798737844276102, -0.441693885959747, 9977
-1.7987179154262432, 0.37280337749652415, 9995
-0.7941994692994461, 0.23539447892562648, 9986
-0.9854277456198735, -0.4113455680394231, 9991
-1.8119998076516193, -0.22229987811888197, 9995
-1.28396496160244, 0.13622270156146277, 9988
-0.9619360484678767, -0.40748880479062255, 9990
-0.7079578198947718, 0.2836285132479396, 0
-0.3496863229878262, -0.2788519363124178, 0
-0.1781407662197907, 0.2526118620419332, 0
-0.5239200083309818, 0.38371739650503345, 0
0.24452266957958413, 0.04374346609958679, 0
0.3320158716652495, 0.22385132193804724, 0
0.3433976863270112, 0.46252000249714764, 9985
-1.227531422235813, -0.3514376351438411, 9989
-0.7377653688117174, 0.019184676159897496, 0
-1.2060096014168435, -0.41890617172921163, 9991
-1.1642765055010356, 0.16093197265656478, 0
-0.8931379217435458, -0.2724597199342108, 9981
-1.218884413261344, -0.17761927415296885, 9973
-0.7348378828322102, 0.265404120531756, 9983
-1.4529846219113256, -0.45404392745880895, 9996
-0.5309607587039067, -0.2506511225001704, 0
0.10217494474622368, 0.3967896524550475, 0
-0.8899435397170623, -0.05692658305641429, 0
0.4160857472553756, 0.46049894147733816, 9991
-0.1220956488297591, 0.15639958019380773, 0
-1.395659737051694, -0.15034861737915728, 9986
-1.7425342845013185, 0.2963163378302196, 9993
0.36583030218800383, -0.12931978910122943, 9799
0.08011036292030305, 0.18066226788160178, 0
-0.28078407560457563, -0.25988741920484515, 0
-0.615940238268126, -0.13185952268440104, 0
-0.5892474774228025, -0.07470171207048837, 0
0.07638436528835024, 0.47657503380386357, 0
-0.02091327645581198, -0.14562683052918968, 0
-0.22753683466251973, -0.010910904414955347, 0
-1.6979283098174698, 0.09999517538037384, 9989
-1.73441103422962, 0.059801680338600005, 9992
-1.8329313011715764, 0.07265174889346848, 9992
-0.13213668973547543, 0.027057344930924487, 0
0.005427981003293336, 0.2156201872631599, 0
-1.5326638614760053, -0.08368168337891502, 9992
-0.10409563596390958, -0.2692028145782288, 0
-1.3383906497202553, 0.08639048807761174, 9982
-1.033858665137331, 0.3516818016481231, 9979
-1.8868338917836325, 0.1845493038404481, 9995
0.1745013718954258, 0.36121961361329147, 0
0.07595898528030531, 0.3334122868910324, 0
0.3875862891627171, -0.07511622049561173, 9991
-1.5325042343449973, 0.48920889772662857, 9996
-1.6457454839822134, 0.1559756194858798, 9993
-0.1494473827833902, -0.004523874945158046, 0
-0.4038091084098432, 0.4103096772825092, 0
-1.5842783757391539, -0.35729139904711626, 9994
0.16574832918221727, -0.26765549460591276, 0
-0.5784285759525445, 0.1761314920999143, 0
0.07386069419993957, -0.0014576570902341546, 0
-0.06535735339609028, -0.19977897059141558, 0
-0.19875857119210982, 0.05304447751584562, 0
-0.5415352998751222, -0.13391480914705145, 0
0.12890707707967364, 0.2270084704608939, 0
-1.211268758822364, 0.3814377493625031, 9991
-0.30034628228940585, -0.24703108291013454, 0
-0.7980673679856882, 0.26286822686680134, 9986
-0.4879512721350343, -0.3125738413427377, 0
-1.988639936701036, -0.376728977294268, 9995
-1.732594528617927, 0.43889621455222116, 9994
-1.1022032054658628, 0.01443157422725283, 0
0.22940966307485144, -0.3683971708947327, 0
0.019653413782532603, 0.3460377331328266, 0
-1.321583912094005, -0.2442063369284745, 9992
-1.9388791964749932, 0.10649757538314741, 9992
-0.7481198049032862, 0.1078584407914257, 9936
-1.4107205568803776, 0.3663908899555115, 9993
-1.6707897857679197, -0.13563903366453012, 9993
-1.0417762286015626, -0.14795294695045413, 0
-1.3065170106497268, -0.44028565762722716, 9994
-0.17617951836490242, -0.01585135742416166, 0
-1.3802816649147647, 0.3694254183563461, 9993
-0.4300781431455898, 0.16565705883458892, 0
0.35412669557377807, -0.04753143112085745, 9990
0.23670033189664208, -0.16744985473730112, 0
-1.7064955258491818, -0.39781523659678264, 9994
-0.8172324668587736, 0.39982405366386653, 9991
0.05121603384952511, 0.3196985641916066, 0
-0.33742862188881717, 0.47014098405676974, 0
-1.978490163626787, 0.262842248526557, 9995
-0.7940749342377778, -0.040562308418023996, 0
-0.5643039828637053, -0.2850714058951499, 0
-1.4700532019406711, 0.34558022045892833, 9992
-0.19222516522913136, 0.29658001960398783, 0
0.10537027886227435, 0.36507547981518995, 0
0.0944009112228934, -0.09629834502542534, 0
-0.4111559445089372, -0.3455915508794164, 0
-0.9316400390768367, 0.17315198419232303, 0
-1.116946669807005, 0.24151737951220387, 0
-1.5389711809834052, -0.032844367322539814, 9990
-1.1104506420180802, -0.040797054978753855, 0
-0.04359945776721763, -0.1028287739180157, 0
-1.2638136465431402, -0.10379666676848098, 9982
-1.2963386013749303, -0.005656068005554071, 0
-1.918718535830027, -0.23442529193038497, 9995
-1.5857175498469205, -0.21212459656121374, 9992
-1.997133751406392, -0.117603189552838, 9994
-1.7600858162743773, 0.20877037951163513, 9995
0.08082820451804107, -0.28013225654921137, 0
0.29802229491645926, -0.19659958634104346, 0
-0.010573037286724318, 0.13188824087040874, 0
0.3050388139088458, 0.361295573762929, 0
0.2719689811570678, -0.3337078423009945, 0
0.03153854671935585, 0.4780152146099298, 0
-0.6947695256262829, 0.44305003539170384, 9971
0.05618674143606395, 0.3337159419472968, 0
-1.4040872545566314, 0.12343102963609298, 9979
-0.8964390464182219, -0.3753160750839616, 9992
-1.6790678979746483, -0.47579118691399014, 9994
-0.6271235080045687, 0.11000848909192207, 0
-0.30902448482818823, 0.49558024428863623, 0
-1.885442306945217, -0.04416772093221111, 9993
-0.41355905861216247, -0.29108200829944364, 0
-0.9233175962870028, -0.4363271646801081, 9992
-1.1319613289425625, 0.4312048390178401, 9992
-1.0813906375099773, -0.4362186864748582, 9994
